Номер среза Проекция Смещение по Y Градус поворота
0             1            0         -0.0000000000000000E+000
0             2            0         -0.0000000000000000E+000
0             3            193         -0.0000000000000000E+000
0 X rotation
 1.0000000000000000E+000 0.0000000000000000E+000 0.0000000000000000E+000
 0.0000000000000000E+000 8.6602297131687855E-001-5.0000421313373444E-001
 0.0000000000000000E+000 5.0000421313373444E-001 8.6602297131687855E-001
0 Y rotation
 7.6603799934516925E-001 0.0000000000000000E+000 6.4279528899895522E-001
 0.0000000000000000E+000 1.0000000000000000E+000 0.0000000000000000E+000
-6.4279528899895522E-001 0.0000000000000000E+000 7.6603799934516925E-001
0 Z rotation
 0.0000000000000000E+000 0.0000000000000000E+000 0.0000000000000000E+000
 0.0000000000000000E+000 1.0000000000000000E+000 0.0000000000000000E+000
 0.0000000000000000E+000 0.0000000000000000E+000 1.0000000000000000E+000
